//Копирование 1 числа

00, ,<,01
01,1,<,01
01,0,<,01
01, ,<,02
02,1,<,02
02,0,<,02
02, ,>,03
03,1, ,04 
04, ,>,05
05,1,>,05
05,0,>,05
05, ,>,06
06,1,>,06
06,0,>,06
06, ,>,07
07,1,>,07
07,0,>,07
07, ,1,08
08,1,<,08
08,0,<,08
08, ,<,09
09,1,<,09
09,0,<,09
09, ,<,10
10,1,<,10
10,0,<,10
10, ,1,11
11,1,>,03


03,0, ,12
12, ,>,13
13,1,>,13
13,0,>,13
13, ,>,14
14,1,>,14
14,0,>,14
14, ,>,15
15,1,>,15
15,0,>,15
15, ,0,16
16,0,<,16
16,1,<,16
16, ,<,17
17,1,<,17
17,0,<,17
17, ,<,18
18,1,<,18
18,0,<,18
18, ,0,19
19,0,>,03
03, ,>,20
20,1,>,20
20,0,>,20
20, , ,22

//Копирование 2 числа
22, ,<,23
23,1,<,23
23,0,<,23
23, ,>,24
24,1, ,25 
25, ,>,26
26,1,>,26
26,0,>,26
26, ,>,27
27,1,>,27
27,0,>,27
27, ,>,28
28,1,>,28
28,0,>,28
28, ,1,29
29,1,<,29
29,0,<,29
29, ,<,30
30,1,<,30
30,0,<,30
30, ,<,31
31,1,<,31
31,0,<,31
31, ,1,32
32,1,>,24


24,0, ,33
33, ,>,34
34,1,>,34
34,0,>,34
34, ,>,35
35,1,>,35
35,0,>,35
35, ,>,36
36,1,>,36
36,0,>,36
36, ,0,37
37,0,<,37
37,1,<,37
37, ,<,38
38,1,<,38
38,0,<,38
38, ,<,39
39,1,<,39
39,0,<,39
39, ,0,40
40,0,>,24

//перемещение в конец
24, ,>,42
42,1,>,42
42,0,>,42
42, ,>,43
43,1,>,43
43,0,>,43
43, ,<,44
44,1,0,45  
45,0,<,45
45,1,<,45
45, ,<,46
46,1,<,47 
46,0,<,47
47,1,>,48
48,1,1,49
48,0,1,49
49,1,<,46
47,0,>,50
50,1,0,51
50,0,0,51
51,0,<,46
47, ,>,52
52,1, ,46
52,0, ,46
46, , ,24
44,0,1,53
53,1,<,44
44, ,>,54
54,1,>,54
54,0,>,54
54, ,<,55
55,1, ,56
55,0, ,56
56, ,<,57
57, , ,58
57,1,1,55
57,0,0,55
56,0,0,55
56,1,1,55
58,0,<,58
58,1,<,58
58, ,<,59
59,1,<,59
59,0,<,59
59, , ,60
60, ,<,61
61, ,>,62
61,1,1,63
61,0,0,63
62, ,0,59
60,1,1,63
60,0,0,63

63,1,>,63
63,0,>,63
63, ,>,64
64,1,>,64
64,0,>,64
64, , ,64
