ksun@ksun:~$ ./turun TuMT.tu MT_test
00, ,<,01     13, ,>,14	    26, ,>,27	  38,1,<,38	42, ,>,52
01,1,<,01    14,1,>,14	    27,1,>,27	  38,0,<,38	52,1,>,52
01,0,<,01    14,0,>,14	    27,0,>,27	  38, ,0,39	52,0,>,52
01, ,<,02     14, ,>,15	    27, ,1,28	  39,0,>,23	52, ,<,53
02,1,<,02    15,1,>,15	    28,1,<,28	  23, ,>,40	53,1, ,54
02,0,<,02    15,0,>,15	    28,0,<,28	  40,1,>,40	53,0, ,54
02, ,>,03     15, ,0,16	    28, ,<,29	  40,0,>,40	54, ,<,55
03,1, ,04     16,0,<,16	    29,1,<,29	  40, ,>,41	55, , ,56
04, ,>,05     16,1,<,16	    29,0,<,29	  41,1,>,41	55,1,1,53
05,1,>,05    16, ,<,17	    29, ,<,30	  41,0,>,41	55,0,0,53
05,0,>,05    17,1,<,17	    30,1,<,30	  41, ,<,42	54,0,0,53
05, ,>,06     17,0,<,17	    30,0,<,30	  42,1,0,43	54,1,1,53
06,1,>,06    17, ,<,18	    30, ,1,31	  43,0,<,43	56,0,<,56
06,0,>,06    18,1,<,18	    31,1,>,23	  43,1,<,43	56,1,<,56
06, ,>,07     18,0,<,18	    23,0, ,32	  43, ,<,44	56, ,<,57
07,1,>,07    18, ,0,19	    32, ,>,33	  44,1,<,45	57,1,<,57
07,0,>,07    19,0,>,03	    33,1,>,33	  44,0,<,45	57,0,<,57
07, ,1,08      03, ,>,20	    33,0,>,33	  45,1,>,46	57, , ,58
08,1,<,08    20,1,>,20	    33, ,>,34	  46,1,1,47	58, ,<,59
08,0,<,08    20,0,>,20	    34,1,>,34	  46,0,1,47	59, ,>,60
08, ,<,09     20, , ,21	    34,0,>,34	  47,1,<,44	59,1,1,61
09,1,<,09    21, ,<,22	    34, ,>,35	  45,0,>,48	59,0,0,61
09,0,<,09    22,1,<,22	    35,1,>,35	  48,1,0,49	60, ,0,57
09, ,<,10     22,0,<,22	    35,0,>,35	  48,0,0,49	58,1,1,61
10,1,<,10    22, ,>,23	    35, ,0,36	  49,0,<,44	58,0,0,61
10,0,<,10    23,1, ,24	    36,0,<,36	  45, ,>,50	61,1,>,61
10, ,1,11     24, ,>,25	    36,1,<,36	  50,1, ,44	61,0,>,61
11,1,>,03    25,1,>,25	    36, ,<,37	  50,0, ,44	61, ,>,62
03,0, ,12     25,0,>,25	    37,1,<,37	  44, , ,23	62,1,>,62
12, ,>,13     25, ,>,26	    37,0,<,37	  42,0,1,51	62,0,>,62
13,1,>,13    26,1,>,26	    37, ,<,38	  51,1,<,42	62, , ,62
13,0,>,13    26,0,>,26
 10101 10                                                                     =>
  0101 10                                                                     =>
  0101 10 1                                                                   =>
 10101 10 1                                                                   =>
 1 101 10 1                                                                   =>
 1 101 10 10                                                                  =>
 10101 10 10                                                                  =>
 10 01 10 10                                                                  =>
 10 01 10 101                                                                 =>
 10101 10 101                                                                 =>
 101 1 10 101                                                                 =>
 101 1 10 1010                                                                =>
 10101 10 1010                                                                =>
 1010  10 1010                                                                =>
 1010  10 10101                                                               =>
 10101 10 10101                                                               =>
 10101 10 10101                                                               =>
 10101  0 10101                                                               =>
 10101  0 10101 1                                                             =>
 10101 10 10101 1                                                             =>
 10101 1  10101 1                                                             =>
 10101 1  10101 10                                                            =>
 10101 10 10101 10                                                            =>
 10101 10 10101 11                                                            =>
 10101 10 10101 01                                                            =>
 10101 10 10100 01                                                            =>
 10101 10 10110 01                                                            =>
 10101 10 10010 01                                                            =>
 10101 10 11010 01                                                            =>
 10101 10  1010 01                                                            =>
 10101 10  1010 01                                                            =>
 10101 10  1010 00                                                            =>
 10101 10  1011 00                                                            =>
 10101 10  1001 00                                                            =>
 10101 10  1101 00                                                            =>
 10101 10   101 00                                                            =>
 10101 10   101 00                                                            =>
 10101 10   101 01                                                            =>
 10101 10   101 11                                                            =>
 10101 10   101 1                                                             =>
 10101 10   101 1                                                             =>
 10101 10   101                                                               =>
 10101 10   101                                                               =>
 10101 10   101                                                               =>
 10101 10  0101                                                               =>
 10101 10  0101                                                               =>
 10101 10 00101                                                               =>
 10101 10 00101                                                               =>
 10101 10 00101                                                               =>
 10101 10 00101                                                               
Machine stopped successfully
 11010 0                                                                      =>
  1010 0                                                                      =>
  1010 0 1                                                                    =>
 11010 0 1                                                                    =>
 1 010 0 1                                                                    =>
 1 010 0 11                                                                   =>
 11010 0 11                                                                   =>
 11 10 0 11                                                                   =>
 11 10 0 110                                                                  =>
 11010 0 110                                                                  =>
 110 0 0 110                                                                  =>
 110 0 0 1101                                                                 =>
 11010 0 1101                                                                 =>
 1101  0 1101                                                                 =>
 1101  0 11010                                                                =>
 11010 0 11010                                                                =>
 11010 0 11010                                                                =>
 11010   11010                                                                =>
 11010   11010 0                                                              =>
 11010 0 11010 0                                                              =>
 11010 0 11010 1                                                              =>
 11010 0 11010                                                                =>
 11010 0 11010                                                                =>
 11010 0 11010                                                                =>
 11010 0 11010                                                                =>
 11010 0 11010                                                                
Machine stopped successfully
 0110 10                                                                      =>
  110 10                                                                      =>
  110 10 0                                                                    =>
 0110 10 0                                                                    =>
 0 10 10 0                                                                    =>
 0 10 10 01                                                                   =>
 0110 10 01                                                                   =>
 01 0 10 01                                                                   =>
 01 0 10 011                                                                  =>
 0110 10 011                                                                  =>
 011  10 011                                                                  =>
 011  10 0110                                                                 =>
 0110 10 0110                                                                 =>
 0110 10 0110                                                                 =>
 0110  0 0110                                                                 =>
 0110  0 0110 1                                                               =>
 0110 10 0110 1                                                               =>
 0110 1  0110 1                                                               =>
 0110 1  0110 10                                                              =>
 0110 10 0110 10                                                              =>
 0110 10 0110 11                                                              =>
 0110 10 0110 01                                                              =>
 0110 10 0111 01                                                              =>
 0110 10 0111 01                                                              =>
 0110 10 0011 01                                                              =>
 0110 10  011 01                                                              =>
 0110 10  011 01                                                              =>
 0110 10  011 00                                                              =>
 0110 10  011 00                                                              =>
 0110 10  001 00                                                              =>
 0110 10   01 00                                                              =>
 0110 10   01 00                                                              =>
 0110 10   01 01                                                              =>
 0110 10   01 11                                                              =>
 0110 10   01 1                                                               =>
 0110 10   01 1                                                               =>
 0110 10   01                                                                 =>
 0110 10   01                                                                 =>
 0110 10   01                                                                 =>
 0110 10  001                                                                 =>
 0110 10  001                                                                 =>
 0110 10 0001                                                                 =>
 0110 10 0001                                                                 =>
 0110 10 0001                                                                 =>
 0110 10 0001                                                                 
Machine stopped successfully
 0111 0                                                                       =>
  111 0                                                                       =>
  111 0 0                                                                     =>
 0111 0 0                                                                     =>
 0 11 0 0                                                                     =>
 0 11 0 01                                                                    =>
 0111 0 01                                                                    =>
 01 1 0 01                                                                    =>
 01 1 0 011                                                                   =>
 0111 0 011                                                                   =>
 011  0 011                                                                   =>
 011  0 0111                                                                  =>
 0111 0 0111                                                                  =>
 0111 0 0111                                                                  =>
 0111   0111                                                                  =>
 0111   0111 0                                                                =>
 0111 0 0111 0                                                                =>
 0111 0 0111 1                                                                =>
 0111 0 0111                                                                  =>
 0111 0 0111                                                                  =>
 0111 0 0111                                                                  =>
 0111 0 0111                                                                  =>
 0111 0 0111                                                                  
Machine stopped successfully
 11 100                                                                       =>
  1 100                                                                       =>
  1 100 1                                                                     =>
 11 100 1                                                                     =>
 1  100 1                                                                     =>
 1  100 11                                                                    =>
 11 100 11                                                                    =>
 11 100 11                                                                    =>
 11  00 11                                                                    =>
 11  00 11 1                                                                  =>
 11 100 11 1                                                                  =>
 11 1 0 11 1                                                                  =>
 11 1 0 11 10                                                                 =>
 11 100 11 10                                                                 =>
 11 10  11 10                                                                 =>
 11 10  11 100                                                                =>
 11 100 11 100                                                                =>
 11 100 11 101                                                                =>
 11 100 11 111                                                                =>
 11 100 11 011                                                                =>
 11 100 11 011                                                                =>
 11 100  1 011                                                                =>
 11 100  1 011                                                                =>
 11 100  1 010                                                                =>
 11 100    010                                                                =>
 11 100    010                                                                =>
 11 100    011                                                                =>
 11 100    001                                                                =>
 11 100    001                                                                =>
 11 100    000                                                                =>
 11 100    000                                                                =>
 11 100    001                                                                =>
 11 100    011                                                                =>
 11 100    111                                                                =>
 11 100    11                                                                 =>
 11 100    11                                                                 =>
 11 100    1                                                                  =>
 11 100    1                                                                  =>
 11 100                                                                       =>
 11 100                                                                       =>
 11 100                                                                       =>
 11 100  0                                                                    =>
 11 100  0                                                                    =>
 11 100 00                                                                    =>
 11 100 00                                                                    =>
 11 100 00                                                                    =>
 11 100 00                                                                    
Machine stopped successfully
